0.8930803635407938
0.4678976350169143
0.9319934020795861
0.7286449749230356
0.32118497791899725
0.11144486693427191
0.3321671907398358
0.03821792120171086
0.7277360175912964
0.8976002966474481
0.24995916500859217
0.6868628308685435
0.536116043934886
0.1149952605463136
0.7578638771017546
0.5722164811238118
0.5049362714181488
0.7471375507871604
0.38172099640195933
0.5358901978339322
0.9111205143001995
0.82856278653257
0.1813044622387957
0.5712012168014658
0.09157531648977457
0.4335053202541932
0.49597081455407943
0.41337808759346906
0.2779253814735664
0.6829837010571732
0.7649429918556838
0.03338857864120004
0.5855504347593559
0.9657658021403709
0.3366888851081613
0.06923429267677539
0.35116820582511366
0.03449873807241732
0.5929865745656165
0.8975011775302235
0.7524656875172376
0.7603597671270066
0.03065134809169956
0.8731506301757036
0.7887885146002968
0.10790364835997046
0.16753194822749118
0.2469809582118072
0.25365648284913433
0.3263531873204837
0.26926642186962835
0.4078847449784001
0.28788071359903045
0.4443994713975171
0.9294214211059125
0.3909723443097449
0.4663159928272341
0.9026488307868901
0.4780202635241595
0.042827528773668244
0.14178951436218556
0.5611736271275862
0.04209930333607692
0.8416066218239119
0.9465050658388435
0.3791947759924549
0.8368141245466874
0.1323873043009991
0.934229539033897
0.7797434250700939
0.9267499628020781
0.45711904026047945
0.835826597729087
0.08422059608777366
0.2644739080106312
0.733722375081767
0.2962098002179442
0.4300927872827143
0.28699900089034247
0.27032933942525816
0.7625457016884971
0.2695326670536736
0.7307131179100852
0.9883527548308323
0.9015448297553585
0.8876339241716377
0.6114585704680315
0.7720176057268208
0.03793690133233407
0.3758997743297975
0.5088308954290124
0.5621826693334662
0.12673342941300036
0.15002476710741064
0.39239829429521433
0.6687262777765868
0.19863982846350026
0.4105602856792432
0.23242602106714572
0.7884649653618059
0.05098624371555571
